year_month,Effective Federal Funds Rate
195407,0.8
195408,1.22
195409,1.06
195410,0.85
195411,0.83
195412,1.28
195501,1.39
195502,1.29
195503,1.35
195504,1.43
195505,1.43
195506,1.64
195507,1.68
195508,1.96
195509,2.18
195510,2.24
195511,2.35
195512,2.48
195601,2.45
195602,2.5
195603,2.5
195604,2.62
195605,2.75
195606,2.71
195607,2.75
195608,2.73
195609,2.95
195610,2.96
195611,2.88
195612,2.94
195701,2.84
195702,3.0
195703,2.96
195704,3.0
195705,3.0
195706,3.0
195707,2.99
195708,3.24
195709,3.47
195710,3.5
195711,3.28
195712,2.98
195801,2.72
195802,1.67
195803,1.2
195804,1.26
195805,0.63
195806,0.93
195807,0.68
195808,1.53
195809,1.76
195810,1.8
195811,2.27
195812,2.42
195901,2.48
195902,2.43
195903,2.8
195904,2.96
195905,2.9
195906,3.39
195907,3.47
195908,3.5
195909,3.76
195910,3.98
195911,4.0
195912,3.99
196001,3.99
196002,3.97
196003,3.84
196004,3.92
196005,3.85
196006,3.32
196007,3.23
196008,2.98
196009,2.6
196010,2.47
196011,2.44
196012,1.98
196101,1.45
196102,2.54
196103,2.02
196104,1.49
196105,1.98
196106,1.73
196107,1.17
196108,2.0
196109,1.88
196110,2.26
196111,2.61
196112,2.33
196201,2.15
196202,2.37
196203,2.85
196204,2.78
196205,2.36
196206,2.68
196207,2.71
196208,2.93
196209,2.9
196210,2.9
196211,2.94
196212,2.93
196301,2.92
196302,3.0
196303,2.98
196304,2.9
196305,3.0
196306,2.99
196307,3.02
196308,3.49
196309,3.48
196310,3.5
196311,3.48
196312,3.38
196401,3.48
196402,3.48
196403,3.43
196404,3.47
196405,3.5
196406,3.5
196407,3.42
196408,3.5
196409,3.45
196410,3.36
196411,3.52
196412,3.85
196501,3.9
196502,3.98
196503,4.04
196504,4.09
196505,4.1
196506,4.04
196507,4.09
196508,4.12
196509,4.01
196510,4.08
196511,4.1
196512,4.32
196601,4.42
196602,4.6
196603,4.65
196604,4.67
196605,4.9
196606,5.17
196607,5.3
196608,5.53
196609,5.4
196610,5.53
196611,5.76
196612,5.4
196701,4.94
196702,5.0
196703,4.53
196704,4.05
196705,3.94
196706,3.98
196707,3.79
196708,3.9
196709,3.99
196710,3.88
196711,4.13
196712,4.51
196801,4.6
196802,4.71
196803,5.05
196804,5.76
196805,6.11
196806,6.07
196807,6.02
196808,6.03
196809,5.78
196810,5.91
196811,5.82
196812,6.02
196901,6.3
196902,6.61
196903,6.79
196904,7.41
196905,8.67
196906,8.9
196907,8.61
196908,9.19
196909,9.15
196910,9.0
196911,8.85
196912,8.97
197001,8.98
197002,8.98
197003,7.76
197004,8.1
197005,7.94
197006,7.6
197007,7.21
197008,6.61
197009,6.29
197010,6.2
197011,5.6
197012,4.9
197101,4.14
197102,3.72
197103,3.71
197104,4.15
197105,4.63
197106,4.91
197107,5.31
197108,5.56
197109,5.55
197110,5.2
197111,4.91
197112,4.14
197201,3.5
197202,3.29
197203,3.83
197204,4.17
197205,4.27
197206,4.46
197207,4.55
197208,4.8
197209,4.87
197210,5.04
197211,5.06
197212,5.33
197301,5.94
197302,6.58
197303,7.09
197304,7.12
197305,7.84
197306,8.49
197307,10.4
197308,10.5
197309,10.78
197310,10.01
197311,10.03
197312,9.95
197401,9.65
197402,8.97
197403,9.35
197404,10.51
197405,11.31
197406,11.93
197407,12.92
197408,12.01
197409,11.34
197410,10.06
197411,9.45
197412,8.53
197501,7.13
197502,6.24
197503,5.54
197504,5.49
197505,5.22
197506,5.55
197507,6.1
197508,6.14
197509,6.24
197510,5.82
197511,5.22
197512,5.2
197601,4.87
197602,4.77
197603,4.84
197604,4.82
197605,5.29
197606,5.48
197607,5.31
197608,5.29
197609,5.25
197610,5.02
197611,4.95
197612,4.65
197701,4.61
197702,4.68
197703,4.69
197704,4.73
197705,5.35
197706,5.39
197707,5.42
197708,5.9
197709,6.14
197710,6.47
197711,6.51
197712,6.56
197801,6.7
197802,6.78
197803,6.79
197804,6.89
197805,7.36
197806,7.6
197807,7.81
197808,8.04
197809,8.45
197810,8.96
197811,9.76
197812,10.03
197901,10.07
197902,10.06
197903,10.09
197904,10.01
197905,10.24
197906,10.29
197907,10.47
197908,10.94
197909,11.43
197910,13.77
197911,13.18
197912,13.78
198001,13.82
198002,14.13
198003,17.19
198004,17.61
198005,10.98
198006,9.47
198007,9.03
198008,9.61
198009,10.87
198010,12.81
198011,15.85
198012,18.9
198101,19.08
198102,15.93
198103,14.7
198104,15.72
198105,18.52
198106,19.1
198107,19.04
198108,17.82
198109,15.87
198110,15.08
198111,13.31
198112,12.37
198201,13.22
198202,14.78
198203,14.68
198204,14.94
198205,14.45
198206,14.15
198207,12.59
198208,10.12
198209,10.31
198210,9.71
198211,9.2
198212,8.95
198301,8.68
198302,8.51
198303,8.77
198304,8.8
198305,8.63
198306,8.98
198307,9.37
198308,9.56
198309,9.45
198310,9.48
198311,9.34
198312,9.47
198401,9.56
198402,9.59
198403,9.91
198404,10.29
198405,10.32
198406,11.06
198407,11.23
198408,11.64
198409,11.3
198410,9.99
198411,9.43
198412,8.38
198501,8.35
198502,8.5
198503,8.58
198504,8.27
198505,7.97
198506,7.53
198507,7.88
198508,7.9
198509,7.92
198510,7.99
198511,8.05
198512,8.27
198601,8.14
198602,7.86
198603,7.48
198604,6.99
198605,6.85
198606,6.92
198607,6.56
198608,6.17
198609,5.89
198610,5.85
198611,6.04
198612,6.91
198701,6.43
198702,6.1
198703,6.13
198704,6.37
198705,6.85
198706,6.73
198707,6.58
198708,6.73
198709,7.22
198710,7.29
198711,6.69
198712,6.77
198801,6.83
198802,6.58
198803,6.58
198804,6.87
198805,7.09
198806,7.51
198807,7.75
198808,8.01
198809,8.19
198810,8.3
198811,8.35
198812,8.76
198901,9.12
198902,9.36
198903,9.85
198904,9.84
198905,9.81
198906,9.53
198907,9.24
198908,8.99
198909,9.02
198910,8.84
198911,8.55
198912,8.45
199001,8.23
199002,8.24
199003,8.28
199004,8.26
199005,8.18
199006,8.29
199007,8.15
199008,8.13
199009,8.2
199010,8.11
199011,7.81
199012,7.31
199101,6.91
199102,6.25
199103,6.12
199104,5.91
199105,5.78
199106,5.9
199107,5.82
199108,5.66
199109,5.45
199110,5.21
199111,4.81
199112,4.43
199201,4.03
199202,4.06
199203,3.98
199204,3.73
199205,3.82
199206,3.76
199207,3.25
199208,3.3
199209,3.22
199210,3.1
199211,3.09
199212,2.92
199301,3.02
199302,3.03
199303,3.07
199304,2.96
199305,3.0
199306,3.04
199307,3.06
199308,3.03
199309,3.09
199310,2.99
199311,3.02
199312,2.96
199401,3.05
199402,3.25
199403,3.34
199404,3.56
199405,4.01
199406,4.25
199407,4.26
199408,4.47
199409,4.73
199410,4.76
199411,5.29
199412,5.45
199501,5.53
199502,5.92
199503,5.98
199504,6.05
199505,6.01
199506,6.0
199507,5.85
199508,5.74
199509,5.8
199510,5.76
199511,5.8
199512,5.6
199601,5.56
199602,5.22
199603,5.31
199604,5.22
199605,5.24
199606,5.27
199607,5.4
199608,5.22
199609,5.3
199610,5.24
199611,5.31
199612,5.29
199701,5.25
199702,5.19
199703,5.39
199704,5.51
199705,5.5
199706,5.56
199707,5.52
199708,5.54
199709,5.54
199710,5.5
199711,5.52
199712,5.5
199801,5.56
199802,5.51
199803,5.49
199804,5.45
199805,5.49
199806,5.56
199807,5.54
199808,5.55
199809,5.51
199810,5.07
199811,4.83
199812,4.68
199901,4.63
199902,4.76
199903,4.81
199904,4.74
199905,4.74
199906,4.76
199907,4.99
199908,5.07
199909,5.22
199910,5.2
199911,5.42
199912,5.3
200001,5.45
200002,5.73
200003,5.85
200004,6.02
200005,6.27
200006,6.53
200007,6.54
200008,6.5
200009,6.52
200010,6.51
200011,6.51
200012,6.4
200101,5.98
200102,5.49
200103,5.31
200104,4.8
200105,4.21
200106,3.97
200107,3.77
200108,3.65
200109,3.07
200110,2.49
200111,2.09
200112,1.82
200201,1.73
200202,1.74
200203,1.73
200204,1.75
200205,1.75
200206,1.75
200207,1.73
200208,1.74
200209,1.75
200210,1.75
200211,1.34
200212,1.24
200301,1.24
200302,1.26
200303,1.25
200304,1.26
200305,1.26
200306,1.22
200307,1.01
200308,1.03
200309,1.01
200310,1.01
200311,1.0
200312,0.98
200401,1.0
200402,1.01
200403,1.0
200404,1.0
200405,1.0
200406,1.03
200407,1.26
200408,1.43
200409,1.61
200410,1.76
200411,1.93
200412,2.16
200501,2.28
200502,2.5
200503,2.63
200504,2.79
200505,3.0
200506,3.04
200507,3.26
200508,3.5
200509,3.62
200510,3.78
200511,4.0
200512,4.16
200601,4.29
200602,4.49
200603,4.59
200604,4.79
200605,4.94
200606,4.99
200607,5.24
200608,5.25
200609,5.25
200610,5.25
200611,5.25
200612,5.24
200701,5.25
200702,5.26
200703,5.26
200704,5.25
200705,5.25
200706,5.25
200707,5.26
200708,5.02
200709,4.94
200710,4.76
200711,4.49
200712,4.24
200801,3.94
200802,2.98
200803,2.61
200804,2.28
200805,1.98
200806,2.0
200807,2.01
200808,2.0
200809,1.81
200810,0.97
200811,0.39
200812,0.16
200901,0.15
200902,0.22
200903,0.18
200904,0.15
200905,0.18
200906,0.21
200907,0.16
200908,0.16
200909,0.15
200910,0.12
200911,0.12
200912,0.12
201001,0.11
201002,0.13
201003,0.16
201004,0.2
201005,0.2
201006,0.18
201007,0.18
201008,0.19
201009,0.19
201010,0.19
201011,0.19
201012,0.18
201101,0.17
201102,0.16
201103,0.14
201104,0.1
201105,0.09
201106,0.09
201107,0.07
201108,0.1
201109,0.08
201110,0.07
201111,0.08
201112,0.07
201201,0.08
201202,0.1
201203,0.13
201204,0.14
201205,0.16
201206,0.16
201207,0.16
201208,0.13
201209,0.14
201210,0.16
201211,0.16
201212,0.16
201301,0.14
201302,0.15
201303,0.14
201304,0.15
201305,0.11
201306,0.09
201307,0.09
201308,0.08
201309,0.08
201310,0.09
201311,0.08
201312,0.09
201401,0.07
201402,0.07
201403,0.08
201404,0.09
201405,0.09
201406,0.1
201407,0.09
201408,0.09
201409,0.09
201410,0.09
201411,0.09
201412,0.12
201501,0.11
201502,0.11
201503,0.11
201504,0.12
201505,0.12
201506,0.13
201507,0.13
201508,0.14
201509,0.14
201510,0.12
201511,0.12
201512,0.24
201601,0.34
201602,0.38
201603,0.36
201604,0.37
201605,0.37
201606,0.38
201607,0.39
201608,0.4
201609,0.4
201610,0.4
201611,0.41
201612,0.54
201701,0.65
201702,0.66
201703,
